labels 0 1 2 3 4
0 0.688192 0.0637596 0.186865 0.0293813 0.0318017
0 0.84742 0.0352242 0.0875809 0.0131839 0.0165906
0 0.64589 0.0929102 0.199526 0.0155855 0.046089
0 0.5875 0.093919 0.259152 0.0104034 0.0490262
0 0.691498 0.0427226 0.230257 0.00787511 0.0276474
0 0.51635 0.171766 0.224298 0.00352506 0.0840611
0 0.531157 0.180584 0.188699 0.00435716 0.0952018
0 0.542961 0.13427 0.236367 0.00848281 0.077919
0 0.463885 0.202346 0.243535 0.00555836 0.0846753
0 0.497501 0.194212 0.224454 0.00430695 0.079527
0 0.88855 0.0203613 0.0734062 0.00861467 0.00906821
0 0.955723 0.00602087 0.0337282 0.00190083 0.0026275
0 0.9688 0.00853423 0.0196735 0.00116841 0.00182405
0 0.951384 0.0125307 0.0305889 0.00194119 0.00355514
0 0.949403 0.00473322 0.0422894 0.00142521 0.00214915
1 0.222537 0.420621 0.124698 0.00887375 0.223271
0 0.771863 0.109974 0.0774752 0.00335081 0.0373365
0 0.498937 0.352807 0.0555007 0.00407756 0.0886777
1 0.279826 0.298202 0.214211 0.0432282 0.164533
0 0.422708 0.263537 0.183857 0.0161778 0.11372
0 0.741041 0.0290956 0.195536 0.0114027 0.0229249
0 0.928419 0.00755706 0.0547168 0.00463852 0.00466902
4 0.038828 0.230167 0.267276 0.116964 0.346765
0 0.784241 0.0234307 0.151534 0.0190844 0.0217102
4 0.0171875 0.360223 0.177634 0.035601 0.409355
0 0.531091 0.124125 0.280797 0.00607441 0.0579124
0 0.69955 0.0844008 0.181108 0.00372881 0.0312124
0 0.574714 0.142338 0.237169 0.00205446 0.0437258
2 0.313834 0.212112 0.344145 0.0112273 0.118683
0 0.385194 0.17562 0.335931 0.00499082 0.098265
2 0.137221 0.309063 0.314997 0.0185286 0.220191
2 0.205882 0.232795 0.380963 0.0126931 0.167668
2 0.169013 0.291031 0.311241 0.0350827 0.193633
0 0.419866 0.143131 0.318402 0.0281193 0.0904813
0 0.572306 0.0707089 0.288957 0.0191149 0.0489133
4 0.0280883 0.200272 0.0728747 0.338986 0.359779
1 0.0494477 0.407147 0.122301 0.0910223 0.330082
4 0.0347164 0.36057 0.129416 0.109369 0.365928
1 0.026742 0.362926 0.210564 0.0547865 0.344982
4 0.0189855 0.297002 0.100084 0.209406 0.374523
1 0.00454619 0.565626 0.0249516 0.00372804 0.401148
1 0.0155468 0.510641 0.0769888 0.0270907 0.369733
1 0.00473723 0.539224 0.0280563 0.0105963 0.417386
1 0.0167065 0.493159 0.0581085 0.050487 0.381539
4 0.00736719 0.358197 0.0544697 0.216654 0.363312
2 0.191627 0.257814 0.351344 0.020598 0.178617
2 0.301771 0.162419 0.432895 0.0171459 0.0857694
2 0.230792 0.0887372 0.561475 0.0390636 0.0799317
2 0.132759 0.11441 0.579576 0.0390396 0.134216
2 0.0661996 0.233077 0.425734 0.0202773 0.254712
4 0.00783087 0.210394 0.0209218 0.325807 0.435046
4 0.0132633 0.228869 0.076393 0.318721 0.362753
1 0.0120855 0.485048 0.0811455 0.0131227 0.408598
1 0.00921577 0.477604 0.0772338 0.0149922 0.420954
2 0.22149 0.300331 0.318566 0.00783569 0.151777
3 0.00230927 0.0375891 0.015782 0.796688 0.147632
3 0.000864216 0.0117097 0.00766076 0.932755 0.0470103
2 0.0584516 0.192024 0.326088 0.166882 0.256554
4 0.010563 0.34156 0.0669005 0.169843 0.411133
1 0.0180434 0.459512 0.12426 0.0266912 0.371493
2 0.0901 0.302769 0.359653 0.0106606 0.236817
1 0.0189639 0.434093 0.155244 0.019648 0.372051
2 0.309253 0.233834 0.344723 0.00467958 0.10751
1 0.0460598 0.392936 0.241014 0.00774535 0.312244
1 0.0264753 0.534349 0.108454 0.00996246 0.32076
1 0.0100446 0.438674 0.0932588 0.0204033 0.43762
1 0.00846725 0.478304 0.0492731 0.023548 0.440407
1 0.0183492 0.456069 0.071403 0.0249136 0.429266
4 0.0132529 0.393429 0.119417 0.0443118 0.42959
1 0.020364 0.469676 0.100373 0.0205914 0.388996
4 0.00706459 0.265458 0.0677695 0.311821 0.347886
3 0.00954051 0.0815675 0.179841 0.476705 0.252346
3 0.020333 0.0985811 0.210798 0.428325 0.241963
3 0.00798077 0.145554 0.111743 0.414913 0.319809
4 0.0128283 0.309333 0.20578 0.0777961 0.394262
1 0.0291915 0.422367 0.164667 0.0269194 0.356855
1 0.0520639 0.398031 0.193292 0.0125826 0.344031
1 0.013558 0.503789 0.0742215 0.0275295 0.380902
1 0.014442 0.462194 0.121888 0.020704 0.380772
1 0.0104276 0.404099 0.0807384 0.119965 0.38477
2 0.0632678 0.231854 0.480612 0.0118268 0.21244
2 0.211532 0.097063 0.610713 0.00686639 0.0738257
2 0.108627 0.116005 0.629885 0.0117826 0.1337
2 0.0841961 0.141507 0.597182 0.0224002 0.154715
2 0.122575 0.0689312 0.717814 0.0117404 0.0789394
2 0.411705 0.0324573 0.523113 0.0060242 0.0267002
1 0.0305746 0.394759 0.223972 0.0177698 0.332925
2 0.103468 0.29353 0.395827 0.00695444 0.200221
1 0.0268685 0.357299 0.254805 0.0527346 0.308293
2 0.0999436 0.194018 0.543616 0.00872847 0.153694
0 0.894829 0.0492942 0.0364555 0.00521033 0.0142109
0 0.922332 0.031307 0.0340474 0.00337077 0.00894249
0 0.811397 0.0206463 0.135158 0.0137354 0.0190628
2 0.200249 0.116778 0.529222 0.0289816 0.124769
0 0.544923 0.0683296 0.325717 0.00888324 0.0521472
1 0.0846694 0.34956 0.274333 0.0160497 0.275387
2 0.242275 0.228415 0.397797 0.0105044 0.121009
2 0.0757581 0.297292 0.385249 0.0105344 0.231166
2 0.0906175 0.268692 0.422159 0.0175523 0.200979
2 0.169049 0.232749 0.470544 0.00666694 0.120991
2 0.145696 0.203023 0.424878 0.0166592 0.209745
2 0.214948 0.167156 0.42919 0.0165141 0.172192
2 0.0653003 0.225668 0.38523 0.0380409 0.285761
1 0.0835781 0.313659 0.294651 0.0135516 0.294561
4 0.034899 0.345797 0.221012 0.016431 0.381861
3 0.000134135 0.00358315 0.000913404 0.97617 0.0191991
3 0.000533475 0.00238648 0.0015508 0.980524 0.0150049
3 0.000505817 0.0143217 0.00381744 0.906926 0.0744292
3 0.000288059 0.0145858 0.00180881 0.911776 0.0715413
3 0.000154335 0.00379939 0.00108662 0.974487 0.0204731
3 0.00584576 0.113428 0.0181925 0.603135 0.259399
3 0.00194314 0.153181 0.0109642 0.684908 0.149004
3 0.00216269 0.133981 0.00955767 0.648111 0.206188
3 0.0019889 0.126827 0.00895661 0.709949 0.152279
3 0.00353995 0.0175202 0.0112404 0.87675 0.0909491
3 0.0351799 0.0977966 0.158626 0.441843 0.266555
3 0.015347 0.104003 0.0808258 0.53105 0.268774
3 0.0243422 0.126351 0.108653 0.421381 0.319273
4 0.0311116 0.225172 0.220054 0.12097 0.402693
4 0.0437123 0.182712 0.17397 0.228082 0.371524
4 0.0498052 0.249167 0.236019 0.112181 0.352828
3 0.000321532 0.00252491 0.000786077 0.986064 0.0103033
3 0.000189883 0.0028691 0.00197814 0.978763 0.0161995
3 0.000668193 0.00158957 0.00583752 0.987374 0.00453109
3 0.0035629 0.0207982 0.0146416 0.877646 0.0833514
3 0.00536392 0.0225462 0.0394755 0.840439 0.0921749
3 0.00534114 0.0294254 0.0160371 0.852102 0.0970939
3 0.0236492 0.0248912 0.0904971 0.770753 0.0902096
3 0.0111934 0.00949614 0.0187248 0.926021 0.0345649
3 0.0353088 0.0357582 0.178999 0.671324 0.0786109
4 0.0327155 0.237213 0.160042 0.133098 0.436932
4 0.017504 0.173855 0.06611 0.313832 0.428699
1 0.00334615 0.503844 0.0289536 0.0239572 0.439899
3 0.00572127 0.224356 0.0586179 0.39598 0.315326
1 0.00233351 0.401468 0.0243843 0.20034 0.371473
4 0.0023601 0.459186 0.0202012 0.0501103 0.468143
1 0.00415012 0.471459 0.0250836 0.032886 0.466421
1 0.00122395 0.513153 0.00769428 0.00434063 0.473588
1 0.00170644 0.500253 0.0121281 0.0364282 0.449484
4 0.000511703 0.446794 0.0105024 0.0241733 0.518019
2 0.0515939 0.253579 0.380243 0.0611172 0.253467
2 0.109183 0.178671 0.532118 0.0281317 0.151897
2 0.0866195 0.214325 0.474035 0.0123399 0.21268
2 0.122532 0.156873 0.49405 0.0234736 0.203072
2 0.0736277 0.202195 0.51431 0.00878094 0.201087
3 0.0175434 0.100489 0.207579 0.450663 0.223726
4 0.0105024 0.370986 0.0715989 0.100768 0.446144
1 0.00723126 0.471532 0.093106 0.0195848 0.408546
1 0.0410404 0.37848 0.235726 0.0172996 0.327453
4 0.00891309 0.432181 0.0579858 0.0478441 0.453076
4 0.00703631 0.344575 0.0360617 0.211967 0.40036
4 0.0408448 0.178738 0.21527 0.190647 0.374501
4 0.0156349 0.240767 0.11243 0.146058 0.485111
3 0.00354582 0.00733844 0.0147836 0.94721 0.0271219
1 0.0206542 0.447874 0.0677013 0.0711366 0.392634
4 0.0107693 0.289169 0.0741746 0.307655 0.318233
4 0.00536194 0.367531 0.0287023 0.186048 0.412356
1 0.00403518 0.435251 0.0285974 0.115688 0.416429
4 0.00302832 0.46493 0.0366103 0.017944 0.477487
4 0.00290478 0.476735 0.0338257 0.00776591 0.478769
1 0.0188214 0.455557 0.0652419 0.047749 0.412631
4 0.0506857 0.356867 0.168545 0.0652009 0.358701
1 0.00737528 0.56814 0.030658 0.00329863 0.390528
1 0.00579186 0.486678 0.0290447 0.0112632 0.467222
4 0.0289022 0.397997 0.114723 0.0600725 0.398305
